{
 "cells": [
  {
   "cell_type": "code",
   "execution_count": 3,
   "id": "69d51de5-bdc2-4f3e-9c4c-53caa36c5aba",
   "metadata": {},
   "outputs": [
    {
     "name": "stdout",
     "output_type": "stream",
     "text": [
      "[[  1   2   3   4   5   6   7   8   9  10  11  12  13  14  15]\n",
      " [ 16  17  18  19  20  21  22  23  24  25  26  27  28  29  30]\n",
      " [ 31  32  33  34  35  36  37  38  39  40  41  42  43  44  45]\n",
      " [ 46  47  48  49  50  51  52  53  54  55  56  57  58  59  60]\n",
      " [ 61  62  63  64  65  66  67  68  69  70  71  72  73  74  75]\n",
      " [ 76  77  78  79  80  81  82  83  84  85  86  87  88  89  90]\n",
      " [ 91  92  93  94  95  96  97  98  99 100 101 102 103 104 105]\n",
      " [106 107 108 109 110 111 112 113 114 115 116 117 118 119 120]\n",
      " [121 122 123 124 125 126 127 128 129 130 131 132 133 134 135]\n",
      " [136 137 138 139 140 141 142 143 144 145 146 147 148 149 150]\n",
      " [151 152 153 154 155 156 157 158 159 160 161 162 163 164 165]\n",
      " [166 167 168 169 170 171 172 173 174 175 176 177 178 179 180]\n",
      " [181 182 183 184 185 186 187 188 189 190 191 192 193 194 195]\n",
      " [196 197 198 199 200 201 202 203 204 205 206 207 208 209 210]\n",
      " [211 212 213 214 215 216 217 218 219 220 221 222 223 224 225]]\n"
     ]
    }
   ],
   "source": [
    "import numpy as np\n",
    "\n",
    "# 1. Створіть двовимірний масив 15x15, що складається з чисел від 1 до 225.\n",
    "arr = np.arange(1, 226)\n",
    "arr = arr.reshape((15,15))\n",
    "\n",
    "print(arr)"
   ]
  },
  {
   "cell_type": "code",
   "execution_count": 5,
   "id": "00dd4cb6-0ce7-49c2-b380-9475f7124e6b",
   "metadata": {},
   "outputs": [
    {
     "name": "stdout",
     "output_type": "stream",
     "text": [
      "[1590 1605 1620 1635 1650 1665 1680 1695 1710 1725 1740 1755 1770 1785\n",
      " 1800]\n"
     ]
    }
   ],
   "source": [
    "#2. Обчисліть суму по кожному стовпцю та збережіть результати у вигляді одновимірного масиву.\n",
    "\n",
    "col_sums = arr.sum(axis = 0)\n",
    "\n",
    "print(col_sums)"
   ]
  },
  {
   "cell_type": "code",
   "execution_count": 6,
   "id": "3125ad89-aedd-4725-b3c2-553210ef184d",
   "metadata": {},
   "outputs": [
    {
     "name": "stdout",
     "output_type": "stream",
     "text": [
      "64.95126378036586\n"
     ]
    }
   ],
   "source": [
    "#3. Знайдіть стандартне відхилення елементів масиву.\n",
    "print(arr.std())"
   ]
  },
  {
   "cell_type": "code",
   "execution_count": 8,
   "id": "1d7d5676-b22b-4dd3-ad94-35736794882c",
   "metadata": {},
   "outputs": [
    {
     "name": "stdout",
     "output_type": "stream",
     "text": [
      "[[  1  16  31  46  61  76  91 106 121 136 151 166 181 196 211]\n",
      " [  2  17  32  47  62  77  92 107 122 137 152 167 182 197 212]\n",
      " [  3  18  33  48  63  78  93 108 123 138 153 168 183 198 213]\n",
      " [  4  19  34  49  64  79  94 109 124 139 154 169 184 199 214]\n",
      " [  5  20  35  50  65  80  95 110 125 140 155 170 185 200 215]\n",
      " [  6  21  36  51  66  81  96 111 126 141 156 171 186 201 216]\n",
      " [  7  22  37  52  67  82  97 112 127 142 157 172 187 202 217]\n",
      " [  8  23  38  53  68  83  98 113 128 143 158 173 188 203 218]\n",
      " [  9  24  39  54  69  84  99 114 129 144 159 174 189 204 219]\n",
      " [ 10  25  40  55  70  85 100 115 130 145 160 175 190 205 220]\n",
      " [ 11  26  41  56  71  86 101 116 131 146 161 176 191 206 221]\n",
      " [ 12  27  42  57  72  87 102 117 132 147 162 177 192 207 222]\n",
      " [ 13  28  43  58  73  88 103 118 133 148 163 178 193 208 223]\n",
      " [ 14  29  44  59  74  89 104 119 134 149 164 179 194 209 224]\n",
      " [ 15  30  45  60  75  90 105 120 135 150 165 180 195 210 225]]\n"
     ]
    }
   ],
   "source": [
    "#4. Виконайте транспонування масиву.\n",
    "t_arr = np.transpose(arr)\n",
    "print(t_arr)"
   ]
  }
 ],
 "metadata": {
  "kernelspec": {
   "display_name": "Python 3 (ipykernel)",
   "language": "python",
   "name": "python3"
  },
  "language_info": {
   "codemirror_mode": {
    "name": "ipython",
    "version": 3
   },
   "file_extension": ".py",
   "mimetype": "text/x-python",
   "name": "python",
   "nbconvert_exporter": "python",
   "pygments_lexer": "ipython3",
   "version": "3.11.1"
  }
 },
 "nbformat": 4,
 "nbformat_minor": 5
}
